var AgriculturalAreas = 
    /* color: #eeff13 */
    /* shown: false */
    ee.Geometry.MultiPolygon(
        [[[[15.699762693749445, 51.60885776281851],
           [15.697059027062434, 51.60563280818628],
           [15.69838940273382, 51.605126389541454],
           [15.699977270470637, 51.6070187671725],
           [15.701178900109309, 51.608511291073256]]],
         [[[16.820200937918944, 51.03976981568308],
           [16.820200937918944, 51.037503075258186],
           [16.827239054374022, 51.037503075258186],
           [16.824234980277343, 51.039014247863065]]],
         [[[16.839684504203124, 51.04376332661658],
           [16.850670832328124, 51.04171264778483],
           [16.854361551932616, 51.046515410802286]]],
         [[[17.067729939233995, 51.52799855121602],
           [17.068202008020616, 51.527544665708525],
           [17.06983279110167, 51.526930578113934],
           [17.071163166773058, 51.5269572777468],
           [17.069746960413195, 51.52877281605056]]],
         [[[17.064210881006456, 51.53357830328601],
           [17.06532667995665, 51.53224349660319],
           [17.067472447168566, 51.532643942717755],
           [17.066227902185656, 51.53387195550365]]],
         [[[17.070776928674913, 51.53344482437904],
           [17.071206082117296, 51.53275072775336],
           [17.07232188106749, 51.533017689246506],
           [17.071935642969347, 51.53387195550365]]],
         [[[15.314337158694928, 50.91291993932782],
           [15.31300678302354, 50.9122975975164],
           [15.31326427508897, 50.91164818849302],
           [15.314809227481549, 50.91094465182579],
           [15.314809227481549, 50.91183760039417]]],
         [[[15.31546669720797, 50.93950052641856],
           [15.3137071680942, 50.93768863005025],
           [15.315552527896447, 50.93660686721704],
           [15.317912871829552, 50.93890558315761]]],
         [[[15.309115226260705, 50.94166389228879],
           [15.313020522586388, 50.93860810867251],
           [15.313792998782677, 50.93939235548278],
           [15.30997353314547, 50.94228584134698]]],
         [[[15.307269866458459, 50.94060926400144],
           [15.308600242129845, 50.93939235548278],
           [15.30997353314547, 50.940014334927],
           [15.308256919375939, 50.94155572638589]]],
         [[[15.29074745892672, 50.944367958077834],
           [15.290876204959435, 50.94236696452381],
           [15.294137771121544, 50.94258329230333],
           [15.294695670596642, 50.941582767885194],
           [15.294695670596642, 50.943124107348424],
           [15.294309432498498, 50.944746514737815]]],
         [[[15.288215453616662, 50.94566585379285],
           [15.2882583689609, 50.94466539571302],
           [15.290318305484337, 50.94490875236273],
           [15.290060813418908, 50.94669332886901]]],
         [[[15.295682723514123, 50.94409755857627],
           [15.296197707644982, 50.94115010200884],
           [15.297828490726037, 50.94098785126716],
           [15.298429305545373, 50.942258800256596],
           [15.298043067447228, 50.94417867859189],
           [15.295854384891076, 50.9442868383925]]],
         [[[15.660404061039221, 50.886747122594564],
           [15.659417008121741, 50.88520391482206],
           [15.661562775333655, 50.88325452667154],
           [15.663794373234046, 50.88449997851011]]],
         [[[15.659760330875647, 50.88363358075563],
           [15.659417008121741, 50.88252348508618],
           [15.663279389103186, 50.879193039379395],
           [15.664781426151526, 50.8797616689129]]],
         [[[15.65718541022135, 50.875943594641825],
           [15.657829140384925, 50.87431878730328],
           [15.660833214481604, 50.87561863770586],
           [15.65920243140055, 50.87727047861408]]],
         [[[15.656842087467444, 50.884933171345416],
           [15.656069611271155, 50.884175081240286],
           [15.65671334143473, 50.883687731087306],
           [15.657786225040686, 50.884175081240286]]],
         [[[15.656026695926917, 50.88734273297424],
           [15.656670426090491, 50.886774195958814],
           [15.65718541022135, 50.88690956254423],
           [15.658515785892737, 50.88601613581146],
           [15.658558701236975, 50.88647638808635],
           [15.656670426090491, 50.8875322437708]]],
         [[[15.652035568912757, 50.87645810515639],
           [15.652378891666663, 50.875916514983714],
           [15.654610489567053, 50.87672889788247],
           [15.653923844059241, 50.87735171518098]]]]),
    BareSoilAreas = 
    /* color: #ffa00d */
    /* shown: false */
    ee.Geometry.MultiPolygon(
        [[[[15.71186482082464, 51.60184785851206],
           [15.713409773217219, 51.59790264559738],
           [15.71512638698675, 51.59838248709733],
           [15.714010588036555, 51.60254090106223]]],
         [[[15.707830778466242, 51.60707207244242],
           [15.708174101220148, 51.603820336442475],
           [15.711264006005305, 51.6042468068913],
           [15.710920683251398, 51.60813816469809]]],
         [[[17.040125547233092, 51.001047907009294],
           [17.0508972986369, 50.99335030453602],
           [17.05265682775067, 50.99888730540386],
           [17.04815071660565, 50.99948148087531],
           [17.046777425590026, 51.0003727298157],
           [17.042228399100768, 51.001561035105155]]],
         [[[17.05342930394696, 50.997806966870826],
           [17.052871404471862, 50.99205374057922],
           [17.0563904626994, 50.98916335305188],
           [17.05862206059979, 50.99035194541456],
           [17.0584074838786, 50.99591631391148],
           [17.055017171683776, 50.99637547956976]]],
         [[[17.039782224479186, 50.99888730540386],
           [17.040340123954284, 50.99275605055224],
           [17.0419279916911, 50.992810073956086],
           [17.043301282706725, 50.99432270373245],
           [17.045103727164733, 50.99432270373245],
           [17.047807393851745, 50.993269270349934],
           [17.043129621329772, 50.996564546461414],
           [17.04167049962567, 50.99640248917288],
           [17.041026769462096, 50.99707772414126],
           [17.041026769462096, 50.99813107107188]]],
         [[[17.064072309318053, 50.9915405073394],
           [17.061282811942565, 50.99024389282117],
           [17.0639006479411, 50.98994674689228],
           [17.063986478629577, 50.98819084575165],
           [17.066003499808776, 50.98837994598916],
           [17.065746007743346, 50.9904329846945],
           [17.06566017705487, 50.99170258160724]]],
         [[[16.996437726798522, 51.00624722049883],
           [16.98751133519696, 50.998739538672545],
           [16.990172086539733, 50.99809133650685],
           [16.993347822013366, 50.998739538672545],
           [16.99274700719403, 51.0009001471589],
           [16.994291959586608, 51.002952632028176],
           [16.996609388175475, 51.00235850100934],
           [16.999355970206725, 51.0028446087725],
           [16.99824017125653, 51.004302901501305]]],
         [[[16.99523609715985, 51.00046803351073],
           [16.995407758536803, 50.99830740490156],
           [17.001330076041686, 50.998037319250955],
           [17.001330076041686, 51.001116202473796],
           [16.997124372306335, 51.001332256782575]]],
         [[[17.009655652823913, 50.993607690269975],
           [17.002360044303405, 50.99328355447438],
           [17.004076658072936, 50.99182491537808],
           [17.007595716300475, 50.99117661661969],
           [17.012144742789733, 50.991338692158244]]],
         [[[17.008282361808288, 50.99744312528582],
           [17.008625684562194, 50.9943099767273],
           [17.010342298331725, 50.995714517758714],
           [17.010599790397155, 50.997227052866506]]],
         [[[16.99626606542157, 50.99096051502112],
           [16.996866880240905, 50.989879991935354],
           [17.003561673942077, 50.989231666009346],
           [17.00373333531903, 50.9903122041883],
           [17.001415906730163, 50.991338692158244]]],
         [[[17.066485394251085, 51.53024121319091],
           [17.067300785791613, 51.52847913093918],
           [17.0721073043463, 51.52973395407876],
           [17.071291912805773, 51.531389199785444]]],
         [[[17.071463574182726, 51.53229688962201],
           [17.072751034509874, 51.53034800386278],
           [17.0741243255255, 51.53029460855817],
           [17.074810971033312, 51.53205662054422],
           [17.07335184932921, 51.53208331717104],
           [17.072665203821398, 51.53272403151796]]],
         [[[17.07163523555968, 51.526983977364004],
           [17.072278965723253, 51.52604948144616],
           [17.07438181759093, 51.52655678160996],
           [17.073180187952257, 51.52810534714845]]],
         [[[15.665339325626624, 50.88000536516018],
           [15.668343399723303, 50.88138628648749],
           [15.66443810339762, 50.884066781646844],
           [15.661991928776038, 50.882821318227826]]],
         [[[15.66894421454264, 50.88070936938201],
           [15.667098854740393, 50.87978874633664],
           [15.67190537329508, 50.875456158388204],
           [15.674566124637854, 50.876403946422386]]],
         [[[15.671390389164221, 50.88252348508618],
           [15.668815468509925, 50.881413362967145],
           [15.67117581244303, 50.879734591473415],
           [15.673321579654944, 50.88070936938201]]],
         [[[15.668557976444495, 50.88200904153906],
           [15.670875405033362, 50.88298377186625],
           [15.668600891788733, 50.88463535170383],
           [15.666583870609534, 50.88379603156185]]],
         [[[15.664094780643714, 50.884716575431284],
           [15.665897225101721, 50.88374188135602],
           [15.673793648441565, 50.88666590240728],
           [15.672763680179846, 50.88726151382543],
           [15.670789574344886, 50.88644931454899],
           [15.670274590214026, 50.88585369274644],
           [15.669716690738928, 50.88658468207842],
           [15.670532082279456, 50.88745102495238],
           [15.669845436771643, 50.887775899376365],
           [15.66692719336344, 50.88655760860401],
           [15.664867256840003, 50.88791126305098],
           [15.661777352054846, 50.88758638957104],
           [15.661562775333655, 50.886774195958814]]],
         [[[15.679072235782874, 50.88826320676419],
           [15.675338600834143, 50.886692975818775],
           [15.676325653751624, 50.88514976625261],
           [15.680445526798499, 50.88707200192751],
           [15.680059288700354, 50.88807369894133]]],
         [[[15.67117581244303, 50.885501730829056],
           [15.672592018802893, 50.883579430360975],
           [15.673621987064612, 50.883904331784656],
           [15.672720764835608, 50.88539343431952]]],
         [[[15.657829140384925, 50.879897055874295],
           [15.659803246219886, 50.8780557594952],
           [15.661262367923987, 50.878461934068724],
           [15.65920243140055, 50.88073644625503]]],
         [[[15.661163535028878, 50.87506759998227],
           [15.658416952997628, 50.87371357234989],
           [15.659790244013253, 50.87179078552016],
           [15.66210767260212, 50.87233242363818],
           [15.663652624994699, 50.87214285101286],
           [15.66360970965046, 50.872846974020284],
           [15.662493910700265, 50.87436351052288]]],
         [[[15.66459676256794, 50.87896697977409],
           [15.66609879961628, 50.876719460421924],
           [15.66939451921459, 50.874821113456186],
           [15.670467402820547, 50.87533563636324],
           [15.670252826099356, 50.87631050629342],
           [15.669222857837637, 50.87655422058958],
           [15.668192889575918, 50.87601263153388],
           [15.66690542924877, 50.876879171001825],
           [15.665789630298574, 50.8778810871758]]]]),
    Forests_SE = 
    /* color: #188b05 */
    /* shown: false */
    ee.Geometry.MultiPolygon(
        [[[[15.314746518215928, 52.57094125230545],
           [15.309081692776475, 52.568332871669185],
           [15.312429089627061, 52.56499391806684]]],
         [[[15.284065973932965, 52.553691736066845],
           [15.278401148493511, 52.54868153848965],
           [15.281319391901715, 52.54273118589321],
           [15.28818584697984, 52.545654266919655],
           [15.290589106257183, 52.551082329540264]]],
         [[[15.315994990046246, 52.54648939717395],
           [15.317539942438824, 52.54293998385063],
           [15.325264704401715, 52.5413739749615],
           [15.323719752009136, 52.54534108897761],
           [15.319599878962261, 52.5474288997164]]],
         [[[15.317539942438824, 52.57017959628834],
           [15.315308344538433, 52.56360606578354],
           [15.324234736139996, 52.56537997266269],
           [15.328011286432965, 52.568405883529074]]],
         [[[15.501150169909778, 52.49541643916586],
           [15.499948540271106, 52.49275130955336],
           [15.505270042956653, 52.491653856293425],
           [15.508274117053332, 52.493639704038145],
           [15.508874931872668, 52.49541643916586],
           [15.505956688464465, 52.4958344840571],
           [15.503210106433215, 52.497715636884536],
           [15.497888603747668, 52.49766338372608],
           [15.497802773059192, 52.49620027007668]]],
         [[[16.96921646462888, 51.00370599864563],
           [16.96818649636716, 51.00132946751032],
           [16.971104739775363, 51.00089735786066],
           [16.97239220010251, 51.002517748295496],
           [16.971104739775363, 51.00413808213623]]],
         [[[16.98046028481931, 51.003976051298864],
           [16.978486178984348, 51.001815586055606],
           [16.986296771635715, 50.999546989266186],
           [16.989815829863254, 51.00278780786576]]],
         [[[16.986811755766574, 51.01407489170506],
           [16.98114693032712, 51.00403006164086],
           [16.9936782108447, 51.00867471581527],
           [16.98912918435544, 51.01245490496006]]],
         [[[17.087170590173937, 51.53197653056983],
           [17.082964886438585, 51.529573765816465],
           [17.083479870569445, 51.52749126711604],
           [17.09034632564757, 51.53112222874209],
           [17.094723690759874, 51.53437916850858],
           [17.092749584924913, 51.534806290865916]]],
         [[[17.087771404993273, 51.5440418314088],
           [17.090775479089952, 51.54014498217265],
           [17.095496166956163, 51.539931446543676],
           [17.095410336267687, 51.5412126452887],
           [17.092749584924913, 51.54201337618804],
           [17.092921246301866, 51.54350803616995],
           [17.09034632564757, 51.543561415975645]]],
         [[[17.0865697753546, 51.54558980219081],
           [17.08734225155089, 51.54414858970513],
           [17.089488018762804, 51.5442019687594],
           [17.088715542566515, 51.54532291443375],
           [17.08811472774718, 51.5460701962086]]],
         [[[17.073995579492784, 51.53259055010601],
           [17.07506846309874, 51.53259055010601],
           [17.07609843136046, 51.53534018817653],
           [17.07463930965636, 51.53547366152569]]],
         [[[15.30528202106065, 50.90921282395435],
           [15.306955719485943, 50.90574897490328],
           [15.309187317386334, 50.90680439371325],
           [15.306998634830181, 50.909726967078825]]],
         [[[15.312148476138775, 50.90945636614227],
           [15.309358978763287, 50.90796803287136],
           [15.312448883548443, 50.90680439371325],
           [15.314980888858502, 50.90796803287136],
           [15.313822174564068, 50.90951048645542]]],
         [[[15.296484375491803, 50.9069126404434],
           [15.295454407230084, 50.90309679126004],
           [15.29802932788438, 50.90412520693367],
           [15.299745941653912, 50.90331330171076],
           [15.299745941653912, 50.90423345989362],
           [15.298930550113385, 50.906506713907476],
           [15.298329735294049, 50.907453870318555]]],
         [[[15.299617195621197, 50.906614961329815],
           [15.300218010440533, 50.904368775739584],
           [15.302835846439068, 50.905207725206154],
           [15.302492523685162, 50.90666908494661]]],
         [[[15.352174115092359, 50.88677818121515],
           [15.349427533061109, 50.88125488958192],
           [15.355435681254468, 50.87865546694262],
           [15.357838940531812, 50.882013027202994],
           [15.355264019877515, 50.88363756628058]]],
         [[[15.318356823832593, 50.86782297834588],
           [15.316983532816968, 50.864247704591506],
           [15.325566601664624, 50.863055885741815],
           [15.326081585795484, 50.86673959101148],
           [15.32144672861775, 50.86717294896659]]],
         [[[15.365048718363843, 50.88493715675923],
           [15.361787152201734, 50.87952195726812],
           [15.374661755473218, 50.87703075415389],
           [15.375176739604077, 50.8809299696823]]],
         [[[15.366936993510327, 50.892409098515444],
           [15.361272168070874, 50.88991858443343],
           [15.37637836924275, 50.882554546522634],
           [15.382214856059155, 50.882121331570445],
           [15.384274792582593, 50.88493715675923],
           [15.380669903666577, 50.886669887672895],
           [15.374661755473218, 50.889810298191655]]],
         [[[15.36161549082478, 50.85828830567844],
           [15.365048718363843, 50.85395371896841],
           [15.36710865488728, 50.857096334495104],
           [15.363160443217359, 50.85926353216685]]]]),
    Water_Areas = 
    /* color: #0f40ff */
    /* shown: false */
    ee.Geometry.MultiPolygon(
        [[[[15.406457243734444, 52.2239536469668],
           [15.399934111410225, 52.22164016013851],
           [15.400277434164131, 52.218011949449696],
           [15.405513106161202, 52.21848521113178],
           [15.408002196127022, 52.22032562528997],
           [15.408173857503975, 52.22227112304483]]],
         [[[15.394440947347725, 52.22605671222175],
           [15.3930676563321, 52.22474230811016],
           [15.394183455282295, 52.22232370288236],
           [15.397874174886788, 52.22185048210339],
           [15.397960005575264, 52.22405880259521]]],
         [[[15.39032107430085, 52.235624401502925],
           [15.389119444662178, 52.23399488583987],
           [15.392037688070381, 52.23373205513047],
           [15.393754301839913, 52.23168192218668],
           [15.394440947347725, 52.23289098640246],
           [15.393496809774483, 52.23499362834266],
           [15.396415053182686, 52.235624401502925],
           [15.3930676563321, 52.23593978472162]]],
         [[[15.202128518257547, 52.488581214596614],
           [15.19805156055491, 52.48573273532398],
           [15.202257264290262, 52.48450443504794],
           [15.204445946846414, 52.48575886899977],
           [15.204660523567606, 52.48771885043359]]],
         [[[15.193459618721414, 52.48649060561807],
           [15.191399682197977, 52.48500098609812],
           [15.193245042000223, 52.48432149377443],
           [15.196377862129617, 52.48513165649552],
           [15.196420777473856, 52.486281539254975]]],
         [[[15.190627206001688, 52.482596581505724],
           [15.189425576363016, 52.479512478887976],
           [15.19208632770579, 52.479852263502536],
           [15.194103348884989, 52.480270456348876],
           [15.192644227180887, 52.48136819365831]]],
         [[[15.211331255147682, 52.50664094187686],
           [15.20961464137815, 52.505178126984646],
           [15.210987932393776, 52.50256583644899],
           [15.214335329244362, 52.504185474868244],
           [15.21588028163694, 52.50570056646324]]],
         [[[15.208241350362526, 52.50115513501084],
           [15.206009752462135, 52.49916962666702],
           [15.207468874166237, 52.49660923354512],
           [15.209700472066627, 52.49739304319324],
           [15.208584673116432, 52.49901287218926],
           [15.21064460963987, 52.50011014179693],
           [15.211760408590065, 52.501991111697954],
           [15.209185487935768, 52.5017821190165]]],
         [[[15.254933244893776, 52.513484179170135],
           [15.248152620504127, 52.511499227686585],
           [15.249783403585182, 52.51024552792232],
           [15.253903276632057, 52.510767907170504],
           [15.258023149678932, 52.51123804318504]]],
         [[[15.234401648652817, 52.51701893320584],
           [15.229852622163559, 52.51681001197374],
           [15.230024283540512, 52.5156086956108],
           [15.23457331002977, 52.51534753553349],
           [15.235774939668442, 52.516078779838296]]],
         [[[15.169284227830007, 52.533565612364015],
           [15.16743886802776, 52.532756341970384],
           [15.165593508225514, 52.53137271610532],
           [15.162417772751882, 52.53077226112785],
           [15.162417772751882, 52.529962939254936],
           [15.171730402451589, 52.5320775875595],
           [15.170872095566823, 52.53377445391551]]],
         [[[15.544580498278918, 52.49839492229356],
           [15.536941567004504, 52.496095760095876],
           [15.536083260119739, 52.48945886761143],
           [15.539087334216418, 52.489354341608326],
           [15.541748085559192, 52.49238549484308],
           [15.545953789294543, 52.49572997320688]]],
         [[[17.042734713258366, 51.11365511746753],
           [17.042563051881412, 51.11314323011757],
           [17.045009226502994, 51.11241580149747],
           [17.047498316468815, 51.11203861177895],
           [17.04711207837067, 51.112523569423],
           [17.045438379945377, 51.11268522084007],
           [17.044451327027897, 51.11290075518319]]],
         [[[17.050201983155826, 51.11133810841944],
           [17.050159067811588, 51.11112256678791],
           [17.051274866761783, 51.110448992710005],
           [17.052047342958073, 51.109964013294956],
           [17.052433581056217, 51.11028733347049],
           [17.051446528138737, 51.110880081250826]]],
         [[[17.052991480531315, 51.10872459833439],
           [17.05389270276032, 51.10743126032936],
           [17.05436477154694, 51.107485150135496],
           [17.053163141908268, 51.109290422331036],
           [17.05281981915436, 51.10918264686576]]],
         [[[17.055974096955875, 51.10678457775497],
           [17.05513724774323, 51.10683846831506],
           [17.055287451448063, 51.10656901488616],
           [17.055995554627994, 51.10656901488616]]],
         [[[17.0573473879715, 51.10620525026539],
           [17.057411760987858, 51.10603010331582],
           [17.060930819215397, 51.1059762118132],
           [17.060930819215397, 51.10624566869797]]],
         [[[16.63744422120234, 50.96362279022174],
           [16.62800284546992, 50.96513637112411],
           [16.623282157603708, 50.961676685171525],
           [16.612810813609567, 50.96210916000536],
           [16.601910316173043, 50.959676436699425],
           [16.601824485484567, 50.95551348136701],
           [16.604399406138864, 50.95275599394509],
           [16.60851927918574, 50.95481060795381],
           [16.615900718394723, 50.953837381062044],
           [16.61444159669062, 50.94578044247871],
           [16.62774535340449, 50.94956575534805],
           [16.635040961924997, 50.94875464282546],
           [16.639847480479684, 50.95043092643788],
           [16.640104972545114, 50.95518907957422],
           [16.641649924937692, 50.96059548047451]]],
         [[[16.67512389344355, 50.959460188463375],
           [16.672033988658395, 50.958000486545444],
           [16.67443724793574, 50.957459844568426],
           [16.6764113537707, 50.95821674157495]]],
         [[[16.665596687022653, 50.962649747886566],
           [16.664995872203317, 50.962001041674306],
           [16.66714163941523, 50.96124420631199],
           [16.668343269053903, 50.96156856583406]]],
         [[[16.66791411561152, 50.961027965372594],
           [16.66791411561152, 50.959730498601175],
           [16.66920157593867, 50.96021705288634],
           [16.668858253184762, 50.961298266389605]]],
         [[[17.41027887809972, 51.55274826654145],
           [17.406931481249135, 51.551840984548406],
           [17.411223015672963, 51.54906565670952],
           [17.416458687670033, 51.550826942083255],
           [17.417231163866322, 51.55312184798488],
           [17.412682137377065, 51.55248142077485]]],
         [[[17.41027887809972, 51.54879878934077],
           [17.40856226433019, 51.546503665349555],
           [17.411909661180776, 51.54570301346312],
           [17.414656243212026, 51.54826504990709],
           [17.416458687670033, 51.55056008504605],
           [17.412682137377065, 51.54906565670952]]],
         [[[17.371483406908315, 51.55205446429239],
           [17.379723153002065, 51.55045334179287],
           [17.38410051811437, 51.55205446429239],
           [17.384701332933705, 51.5537622661785],
           [17.3803239678214, 51.553281953378566],
           [17.378435692674916, 51.55370889834006]]],
         [[[17.328739724046986, 51.54949264124349],
           [17.32513483513097, 51.54826504990709],
           [17.31964167106847, 51.54666379403618],
           [17.315607628710072, 51.543514493088345],
           [17.32144411552648, 51.54223335914849],
           [17.322817406542104, 51.54340773330429],
           [17.326336464769643, 51.54484896925512],
           [17.330799660570424, 51.54586314496753],
           [17.332001290209096, 51.54799817784213],
           [17.334061226732533, 51.549706132007685],
           [17.339039406664174, 51.549972994054116],
           [17.339468560106557, 51.551734244300725],
           [17.331572136766713, 51.55226794303452]]],
         [[[17.34315927971105, 51.550933684459814],
           [17.34135683525304, 51.548371798294745],
           [17.335520348436635, 51.548318424132226],
           [17.33363207329015, 51.54586314496753],
           [17.336206993944447, 51.54495572565778],
           [17.337580284960072, 51.546503665349555],
           [17.341528496629994, 51.54671717013982],
           [17.344532570726674, 51.54842517239467],
           [17.34985407341222, 51.54879878934077],
           [17.354574761278432, 51.54938589548567],
           [17.35414560783605, 51.550079738434356],
           [17.349510750658315, 51.550079738434356],
           [17.345562538988393, 51.550987055554174]]],
         [[[17.344704232103627, 51.5604861128594],
           [17.344189247972768, 51.55888528714345],
           [17.348309121019643, 51.557604585998895],
           [17.349939904100697, 51.55861847737903],
           [17.349939904100697, 51.56011259189915],
           [17.348223290331166, 51.560859630751764]]],
         [[[17.36264284599523, 51.55162750380261],
           [17.359037957079213, 51.550987055554174],
           [17.356548867113393, 51.548958909949874],
           [17.3528581475089, 51.545009103765146],
           [17.354059777147572, 51.54479559095986],
           [17.356033882982533, 51.54629015955742],
           [17.35740717399816, 51.54596989899072],
           [17.35809381950597, 51.54677054618083],
           [17.360668740160268, 51.546503665349555],
           [17.36015375602941, 51.54842517239467],
           [17.35989626396398, 51.55034659828925],
           [17.361527047045033, 51.55109379755507],
           [17.362728676683705, 51.549706132007685],
           [17.364960274584096, 51.549652759410556],
           [17.36564692009191, 51.551253910086785]]],
         [[[17.36908014763097, 51.543728011905],
           [17.367191872484486, 51.54234012168776],
           [17.37036760795812, 51.541966451704454],
           [17.372170052416127, 51.54319421298479]]],
         [[[17.341700158006947, 51.543994909016895],
           [17.344446740038197, 51.541325867451604],
           [17.347279152757924, 51.541966451704454],
           [17.347536644823354, 51.54362125262188],
           [17.344704232103627, 51.54340773330429],
           [17.344704232103627, 51.544635455698405],
           [17.347536644823354, 51.54522261556859],
           [17.347794136888783, 51.546503665349555],
           [17.344017586595815, 51.54522261556859]]],
         [[[17.31792505729894, 51.53780249287642],
           [17.314320168382924, 51.535720370592145],
           [17.315006813890736, 51.53465257862734],
           [17.319212517626088, 51.53497291884695],
           [17.319212517626088, 51.53604070329704],
           [17.321100792772572, 51.53700168788523]]],
         [[[17.398199251269073, 51.53030676888949],
           [17.390216997240753, 51.527690322945915],
           [17.39674012956497, 51.52491352197664],
           [17.400860002611847, 51.52229676609018],
           [17.4024907856929, 51.52272400181216],
           [17.402662447069854, 51.52566113889652],
           [17.40600984392044, 51.52640874354137],
           [17.402662447069854, 51.529879604312214]]],
         [[[17.352022340868682, 51.52795731411475],
           [17.350734880541534, 51.526568942939676],
           [17.35485475358841, 51.52443290461758],
           [17.355455568407745, 51.527423330211406]]],
         [[[17.383608034228057, 51.53244253165586],
           [17.38532464799759, 51.53030676888949],
           [17.386612108324737, 51.530520349675136],
           [17.38575380143997, 51.532389138807886]]],
         [[[17.516495268501572, 51.55749197320104],
           [17.51503614679747, 51.55471699012962],
           [17.512976210274033, 51.554930456376674],
           [17.512890379585556, 51.55263564171959],
           [17.515207808174424, 51.551728357480265],
           [17.518383543648056, 51.55263564171959],
           [17.52104429499083, 51.552795748824565],
           [17.519413511909775, 51.55621123282119],
           [17.52027181879454, 51.55727851897553]]],
         [[[17.47907308832579, 51.538063536153786],
           [17.480446379341416, 51.53229745879644],
           [17.485252897896103, 51.53518058877927],
           [17.48362211481505, 51.53747628390612]]],
         [[[17.48799116773374, 51.53459689602936],
           [17.484042956063817, 51.53160694160763],
           [17.48696119947202, 51.53000509952474],
           [17.489106966683934, 51.532568019803456],
           [17.49099524183042, 51.53427655316345]]],
         [[[17.493141009042333, 51.53374264337707],
           [17.49048025769956, 51.52963132826209],
           [17.491853548715184, 51.529310950451695],
           [17.495029284188817, 51.53246123433923],
           [17.496402575204442, 51.5336358606683]]],
         [[[17.49048025769956, 51.53731971936739],
           [17.490566088388036, 51.536251964922286],
           [17.494600130746434, 51.53539774333099],
           [17.496574236581395, 51.53742649343423],
           [17.494514300057958, 51.53870776269824]]],
         [[[16.993417665643364, 51.5243940415971],
           [16.99599258629766, 51.51755803974402],
           [17.00594894616094, 51.51809213934085],
           [17.00474731652227, 51.52215109159861],
           [16.999082491082817, 51.52268513733318]]],
         [[[16.98397628991094, 51.51125519149896],
           [16.983117983026176, 51.50698157797821],
           [16.98878280846563, 51.50698157797821],
           [16.989812776727348, 51.50943895473401]]],
         [[[16.981916353387504, 51.5044172174453],
           [16.981916353387504, 51.49971551497095],
           [16.985692903680473, 51.49950178969635],
           [16.987924501580864, 51.50110470482605],
           [16.99204437462774, 51.500890986066054],
           [16.99152939049688, 51.50163899734123],
           [16.987409517450004, 51.50281441882542],
           [16.9844912740418, 51.504310365957856]]],
         [[[17.000627443475395, 51.49255517265919],
           [16.99822418419805, 51.48870735998432],
           [17.006120607537895, 51.48603507677816],
           [17.0064639302918, 51.490951956844555]]],
         [[[17.031526491326957, 51.48881424805494],
           [17.037362978143364, 51.48667643903119],
           [17.040796205682426, 51.48785224639835],
           [17.045087740106254, 51.48956245753287],
           [17.043027803582817, 51.490417539044024],
           [17.0394229146668, 51.48892113587496],
           [17.037877962274223, 51.490738190476094],
           [17.037534639520317, 51.492448293358905],
           [17.034788057489067, 51.49255517265919]]],
         [[[17.085256502313285, 51.52215109159861],
           [17.092466280145317, 51.520014846030605],
           [17.09864608971563, 51.517664860164444],
           [17.103795931024223, 51.5171307555571],
           [17.10585586754766, 51.52151022845005],
           [17.089719698114067, 51.52268513733318]]],
         [[[17.098302766961723, 51.5304814918503],
           [17.09212295739141, 51.5269572777468],
           [17.09383957116094, 51.52578247908969],
           [17.09864608971563, 51.52578247908969],
           [17.10413925377813, 51.52642328211485]]],
         [[[17.110430706751085, 51.543614795718696],
           [17.101160992395616, 51.53806296705144],
           [17.108370770227648, 51.53453933986223],
           [17.114722241174913, 51.534966460716625],
           [17.11455057979796, 51.53870359723332],
           [17.11077402950499, 51.54137279259574]]]]),
    LowDensityHousingAreas = 
    /* color: #ff1961 */
    /* shown: false */
    ee.Geometry.MultiPolygon(
        [[[[15.403416395807223, 51.68168651524863],
           [15.399167776727634, 51.68038266557213],
           [15.400712729120212, 51.678333683081966],
           [15.406849623346286, 51.68014317889722],
           [15.404618025445895, 51.68150025330776]]],
         [[[15.413286924982028, 51.68309675936676],
           [15.406162977838473, 51.68107450885144],
           [15.40848040642734, 51.68008995946413],
           [15.414831877374606, 51.68197921103619]]],
         [[[15.438113451623874, 51.70350046948222],
           [15.436117888116794, 51.70310152813069],
           [15.436761618280368, 51.70242331976002],
           [15.43744826378818, 51.70250310950773],
           [15.437534094476657, 51.70287545980336],
           [15.438306570672946, 51.70288875797153],
           [15.43845677437778, 51.702290336534425],
           [15.438993216180759, 51.70219724804398],
           [15.439014673852878, 51.70248981122623],
           [15.439937353754, 51.70244991635821],
           [15.439937353754, 51.702263739842415],
           [15.440366507196384, 51.70235682819607],
           [15.440151930475192, 51.70263609210795],
           [15.43922925057407, 51.702662688581086],
           [15.439079046869235, 51.703141422424146],
           [15.438392401361423, 51.70327440314824]]],
         [[[17.04223968277956, 50.988011553079964],
           [17.039664762125263, 50.98666080947601],
           [17.04472877274538, 50.98514792997536],
           [17.045415418253192, 50.98693096134128]]],
         [[[17.03172542344118, 50.986282594223276],
           [17.03078128586794, 50.98333781293059],
           [17.032326238260517, 50.980879182718766],
           [17.0347724128821, 50.98244623680174],
           [17.032927053079852, 50.98493180030744]]],
         [[[16.967178618608347, 50.999919387745585],
           [16.967178618608347, 50.99494973276093],
           [16.96889523237788, 50.99484169087181],
           [16.96915272444331, 51.000351506503605]]],
         [[[16.963487899003855, 51.000945663224535],
           [16.96340206831538, 50.99451756369516],
           [16.96632031172358, 50.99467962756648],
           [16.966491973100535, 51.00099967709458]]],
         [[[16.945549285112254, 50.997542662637464],
           [16.943060195146433, 50.99446354227894],
           [16.945205962358347, 50.99397734670317],
           [16.94692257612788, 50.99721855432641]]],
         [[[16.947952544389597, 50.99554395865482],
           [16.94692257612788, 50.993599191067055],
           [16.948210036455027, 50.993653213489445]]],
         [[[16.95138577192866, 50.99630023515114],
           [16.95138577192866, 50.99322103234947],
           [16.95310238569819, 50.99338310074862],
           [16.954218184648386, 50.99532787739199],
           [16.954561507402293, 50.997704715944046],
           [16.951471602617136, 50.997542662637464]]],
         [[[16.959024703203074, 50.999919387745585],
           [16.959024703203074, 50.99905513815595],
           [16.9603979942187, 50.998893089565705],
           [16.960741316972605, 50.99975734217378]]],
         [[[16.95617019998044, 51.01002481873622],
           [16.954367755522433, 51.00716255388717],
           [16.955311893095676, 51.00646046194873],
           [16.957543490996066, 51.00797264676514],
           [16.95694267617673, 51.01018682844585]]],
         [[[17.063475023625628, 51.54078144798852],
           [17.062874208806292, 51.54060795279269],
           [17.06368960034682, 51.53975381295447],
           [17.06463373792006, 51.54019423081047]]],
         [[[17.063990007756487, 51.53920662119619],
           [17.06544912946059, 51.53777855317888],
           [17.066522013066546, 51.5379387125706],
           [17.065513502476946, 51.53831241562612],
           [17.064762483952777, 51.5389797348791]]],
         [[[15.296026046268029, 50.93763454250627],
           [15.29499607800631, 50.93698548707118],
           [15.295854384891076, 50.936660955956384],
           [15.296541030398888, 50.937282971936824]]],
         [[[15.64327250479653, 50.87823889533092],
           [15.643444166173483, 50.87669540572914],
           [15.644431219090963, 50.876939118012395],
           [15.64374457358315, 50.8783201302096]]],
         [[[15.631685361852194, 50.88276075477228],
           [15.629367933263326, 50.88102787846461],
           [15.630397901525045, 50.88089249478885],
           [15.631084547032858, 50.88146110358359]]],
         [[[15.643959150304342, 50.880702956981956],
           [15.643444166173483, 50.88024264766959],
           [15.64498911856606, 50.87961986900902],
           [15.645203695287252, 50.87994479804432],
           [15.644302473058248, 50.880432187348916]]],
         [[[15.63726435660317, 50.8826524518912],
           [15.637307271947408, 50.88194847702766],
           [15.639882192601705, 50.882138009768035],
           [15.639667615880514, 50.88267952763506]]],
         [[[15.636363134374166, 50.88341056677206],
           [15.636921033849264, 50.88259830035625],
           [15.637607679357076, 50.882814906118426],
           [15.637307271947408, 50.88351886789091]]],
         [[[15.64524661063149, 50.87829305193246],
           [15.644731626500631, 50.8772640657408],
           [15.645203695287252, 50.877236986849965],
           [15.64601908682778, 50.87794103289749],
           [15.646877393712545, 50.877507775050134],
           [15.64752112387612, 50.8777785616768],
           [15.646534070958639, 50.87842844316089]]],
         [[[15.647091970433737, 50.87593718158594],
           [15.646190748204733, 50.875395585359335],
           [15.64627657889321, 50.8750706246022],
           [15.647864446630026, 50.875666384259404],
           [15.648379430760885, 50.87604550007597]]]]),
    HighDensityHousingAreas = 
    /* color: #c20200 */
    /* shown: false */
    ee.Geometry.MultiPolygon(
        [[[[15.57316443622422, 52.45348089578996],
           [15.573679420355079, 52.45264399693081],
           [15.574194404485938, 52.45222554153721],
           [15.574108573797462, 52.45138861882194],
           [15.575996848943946, 52.45097015150022],
           [15.576855155828712, 52.451702466703914],
           [15.57539603412461, 52.452696303575436],
           [15.575481864813087, 52.45358550702908]]],
         [[[15.566727134588477, 52.45389933925554],
           [15.566297981146095, 52.45159785099178],
           [15.56792876422715, 52.4514932350311],
           [15.567757102850196, 52.45389933925554]]],
         [[[15.569130393865821, 52.43878054640495],
           [15.567499610784767, 52.43590267973062],
           [15.571104499700782, 52.43506544686024],
           [15.573336097601173, 52.438204988106484]]],
         [[[15.578571769598243, 52.44437876670355],
           [15.578743430975196, 52.44322778884709],
           [15.58088919818711, 52.44322778884709],
           [15.580545875433204, 52.44437876670355],
           [15.579000923040626, 52.44542508411483]]],
         [[[15.211380728589026, 52.7371515289344],
           [15.211466559277502, 52.73554048746316],
           [15.222195395337073, 52.73730743301368],
           [15.226401099072424, 52.738866443137496],
           [15.224684485302893, 52.73949003157382]]],
         [[[15.230692633496252, 52.73637200017366],
           [15.232666739331213, 52.73288993484107],
           [15.236099966870276, 52.73366952587083],
           [15.232924231396643, 52.73699562429749]]],
         [[[15.258759268628088, 52.73969789240331],
           [15.259188422070471, 52.73891840918128],
           [15.263823279248205, 52.740061646469606],
           [15.26296497236344, 52.74094503656302]]],
         [[[15.243138083325354, 52.727900222120546],
           [15.241335638867346, 52.72665270471404],
           [15.24425388227555, 52.724105579185654],
           [15.246142157422033, 52.72498929265206],
           [15.245884665356604, 52.72660072404757]]],
         [[[15.25146366010758, 52.72701656764447],
           [15.25197864423844, 52.725353169462544],
           [15.25472522626969, 52.725924969744504],
           [15.254038580761877, 52.728004180293354]]],
         [[[17.027242273988346, 51.11023344693163],
           [17.02861556500397, 51.10883237486782],
           [17.030718416871647, 51.10826654526339],
           [17.033765406312565, 51.108077933855824],
           [17.035825342836002, 51.107997100159835],
           [17.038056940736393, 51.109452085057754],
           [17.03509578198395, 51.112227207023075],
           [17.03063258618317, 51.11152670652231],
           [17.02715644329987, 51.11163447652126]]],
         [[[17.029988856019596, 51.107754598223586],
           [17.029001803102116, 51.10667679644622],
           [17.031018824281315, 51.10624566869797],
           [17.031748385133366, 51.10721570047657]]],
         [[[17.02762851208649, 51.108509044513525],
           [17.025826067628483, 51.10772765348546],
           [17.029087633790592, 51.10664985107978],
           [17.029688448609928, 51.10770070873164]]],
         [[[17.02286490887604, 51.110448992710005],
           [17.023251146974186, 51.108562933062984],
           [17.02488193005524, 51.10813182290796],
           [17.026341051759342, 51.10853598879609],
           [17.025954813661198, 51.10942514130922],
           [17.02492484539948, 51.110071786938136],
           [17.02389487713776, 51.11047593586162]]],
         [[[17.037713617982487, 51.107323480528635],
           [17.036683649720768, 51.10648817855118],
           [17.034194559754948, 51.10635345101205],
           [17.03342208355866, 51.10573369927388],
           [17.03513869732819, 51.10559896953553],
           [17.036297411622623, 51.10562591551463],
           [17.03685531109772, 51.10613788613256],
           [17.038014025392155, 51.10624566869797],
           [17.038228602113346, 51.10772765348546]]],
         [[[17.0343662211319, 51.10162426558223],
           [17.03385123700104, 51.10038462697961],
           [17.03612575024567, 51.10022293253732],
           [17.037198633851627, 51.10054632085632],
           [17.03513869732819, 51.10084275816154],
           [17.035439104737858, 51.10205543643498]]],
         [[[17.024839014711002, 51.10652859673634],
           [17.023551554383854, 51.1053429819508],
           [17.025826067628483, 51.10453459079698],
           [17.028229326905826, 51.104696270158755],
           [17.028744311036686, 51.105154358612786],
           [17.02642688244782, 51.106043576181655]]],
         [[[17.049815745057682, 51.102836923355554],
           [17.047455401124576, 51.101543420599654],
           [17.04865703076325, 51.10095055307398],
           [17.049515337648014, 51.1019476440988],
           [17.050802797975162, 51.10270218517385]]],
         [[[17.051704020204166, 51.101785955123276],
           [17.049214930238346, 51.10030377982913],
           [17.050287813844303, 51.09989954195622],
           [17.05239066571198, 51.101354781757095],
           [17.052519411744694, 51.10200154029831]]],
         [[[17.051918596925358, 51.097851349077686],
           [17.052991480531315, 51.097689645775425],
           [17.05509433239899, 51.09936055262747],
           [17.054064364137272, 51.09954919960731]]],
         [[[17.035696596803287, 51.09911800537946],
           [17.0363832423111, 51.09777049749724],
           [17.0384002634903, 51.09766269517007],
           [17.038314432801823, 51.098390356000806],
           [17.036984057130436, 51.09890240675749]]],
         [[[17.04015979260407, 51.09623429060571],
           [17.038829416932682, 51.094401555969355],
           [17.042691797914127, 51.09318867692968],
           [17.045438379945377, 51.09386250254584],
           [17.045567125978092, 51.09469803267374],
           [17.04316386670075, 51.09545269207108],
           [17.041018099488834, 51.096773316380144]]],
         [[[17.03312167614899, 51.09507536391196],
           [17.036469072999576, 51.09644990166952],
           [17.035825342836002, 51.09704282691094],
           [17.033078760804752, 51.0973392866804]]],
         [[[16.9944549509903, 51.10216322851981],
           [16.99419745892487, 51.10006123752954],
           [16.99544200390778, 51.09817475398561],
           [17.007329554261783, 51.101543420599654],
           [17.000720591249088, 51.10372618550542]]],
         [[[17.00389632672272, 51.104211230376904],
           [17.00990447491608, 51.10216322851981],
           [17.02067622631989, 51.10480405608579],
           [17.016341776551823, 51.10709444761757]]],
         [[[16.988012482048816, 51.12024742989429],
           [16.985008407952137, 51.117553606702785],
           [16.987325836541004, 51.1159372373943],
           [16.994278122307605, 51.118819723165736],
           [16.995823074700183, 51.12024742989429],
           [16.994750191094226, 51.121163293999345],
           [16.991016556145496, 51.1205168035747],
           [16.990286995293445, 51.11997805464321]]],
         [[[16.99656373811598, 51.11887238478833],
           [16.993688410052016, 51.1173099399662],
           [16.995962923296645, 51.11631318031934],
           [16.99729329896803, 51.11631318031934],
           [16.9975937063777, 51.11774096450503],
           [16.99785119844313, 51.11876463166938]]],
         [[[16.989654367693618, 51.11572050222724],
           [16.98986894441481, 51.11485841143131],
           [16.991156404741957, 51.114373478290304],
           [16.99158555818434, 51.115343339483154],
           [16.991928880938246, 51.116798093103725],
           [16.990298097857192, 51.11596296236561]]],
         [[[16.983517473467543, 51.10839221776632],
           [16.983517473467543, 51.10626356442351],
           [16.986435716875746, 51.106021053391785],
           [16.989225214251235, 51.106802473271834],
           [16.988152330645278, 51.107880272118585],
           [16.98583490205641, 51.10817666239529]]],
         [[[16.973561113604262, 51.11326888935982],
           [16.976479357012465, 51.1107902034655],
           [16.97939760042067, 51.112325926698894],
           [16.97785264802809, 51.113511362362544],
           [16.97665101838942, 51.11275699773144]]],
         [[[16.970771616228774, 51.11491229257727],
           [16.975792711504653, 51.11475064895089],
           [16.975234812029555, 51.115235578133635],
           [16.97261697603102, 51.115774382367945],
           [16.97184449983473, 51.11607072201872],
           [16.971072023638442, 51.11572050222724]]],
         [[[16.97364694429274, 51.10973941605868],
           [16.975449388750746, 51.10957775433705],
           [16.975449388750746, 51.11000885100474],
           [16.97386152101393, 51.110547716184506]]],
         [[[17.021775087119522, 51.12482501672051],
           [17.022504647971573, 51.12285873612226],
           [17.025422891379776, 51.121161741744416],
           [17.02756865859169, 51.12029975247212],
           [17.02928527236122, 51.12218533311546],
           [17.02902778029579, 51.12425938293227],
           [17.02731116652626, 51.12571385582215],
           [17.024950822593155, 51.12512129832152]]],
         [[[17.029929002524796, 51.12196984208002],
           [17.027396997214737, 51.11965324996303],
           [17.027182420493546, 51.11728266335955],
           [17.0288132035746, 51.11607038457041],
           [17.032975991965714, 51.11698633148165],
           [17.03452094435829, 51.11782144372288],
           [17.031988939048233, 51.120865434746186],
           [17.03104480147499, 51.122481631647844]]],
         [[[17.035465081931534, 51.12232001450215],
           [17.03258975386757, 51.12032668988034],
           [17.034950097800674, 51.11865654086969],
           [17.038726648093643, 51.12027281504821],
           [17.038683732749405, 51.12218533311546]]],
         [[[16.94462613507524, 51.03817964849526],
           [16.940162939274458, 51.03364590115655],
           [16.948917669499068, 51.03170273078927],
           [16.950805944645552, 51.037424054743376]]],
         [[[16.88643292828813, 51.02641257643449],
           [16.879394811833052, 51.01799026878671],
           [16.883514684879927, 51.01356254482705],
           [16.890552801335005, 51.0128065497028],
           [16.890552801335005, 51.01788228054951],
           [16.893471044743208, 51.01518249288019],
           [16.895530981266646, 51.01485850779668],
           [16.894501013004927, 51.01777429206075],
           [16.896732610905318, 51.020689892980634],
           [16.892269415104536, 51.02436112963501],
           [16.889522833073286, 51.02554882042644]]],
         [[[16.891582769596724, 51.046814130586554],
           [16.889522833073286, 51.04336053086672],
           [16.89364270612016, 51.04195743243092],
           [16.895359319889693, 51.045842831690344]]],
         [[[15.318585777774517, 50.910653455017986],
           [15.318371201053326, 50.90905691853124],
           [15.319315338626568, 50.909029858118835],
           [15.32051696826524, 50.91040991909344],
           [15.321332359805767, 50.90984166364751],
           [15.322448158755963, 50.910031082900325],
           [15.320688629642193, 50.91095110830645]]],
         [[[15.326825523868267, 50.91051815743944],
           [15.325881386295025, 50.90984166364751],
           [15.326868439212506, 50.90930046153486],
           [15.328627968326275, 50.909760483731766],
           [15.327640915408795, 50.91103228614565]]],
         [[[15.329057121768658, 50.90881337425333],
           [15.327898407474224, 50.90821803843188],
           [15.328585052982037, 50.90756857248831],
           [15.330172920718853, 50.907893306592776]]],
         [[[15.684401770650899, 50.861420397285585],
           [15.681741019308125, 50.85972736102477],
           [15.682298918783223, 50.858982405595434],
           [15.683243056356465, 50.85762791068773],
           [15.687963744222676, 50.85978153913721],
           [15.686075469076192, 50.86020141737424]]],
         [[[15.692212363302266, 50.858941771320644],
           [15.690688868581807, 50.85808844337064],
           [15.692233820974385, 50.85700482981873],
           [15.693735858022725, 50.858074898356634]]],
         [[[15.68811394792751, 50.860959897508906],
           [15.688006659566915, 50.85974090555879],
           [15.689444323598897, 50.85876568905406],
           [15.6903455458279, 50.85984926168923],
           [15.688800593435323, 50.86081091131333]]],
         [[[15.684187193929708, 50.86174545321327],
           [15.685302992879903, 50.86078382286299],
           [15.685710688650166, 50.86173190926154],
           [15.685195704519307, 50.86255808311827]]],
         [[[15.693435450613057, 50.862368470740584],
           [15.691804667532002, 50.8616912773827],
           [15.691826125204122, 50.860350405517266],
           [15.692813178121602, 50.8603774942194],
           [15.69285609346584, 50.861298500728495],
           [15.694272299825704, 50.8619486120173]]],
         [[[15.68785645586208, 50.8595241925425],
           [15.684187193929708, 50.85761436553998],
           [15.686011096059834, 50.85685583098622],
           [15.687019606649434, 50.85696419382071],
           [15.686697741567647, 50.85762791068773],
           [15.68785645586208, 50.858169713371986],
           [15.688993712484395, 50.85886050266485]]],
         [[[15.68738438707546, 50.86299147994315],
           [15.687212725698506, 50.861786085044905],
           [15.688178320943868, 50.86173190926154],
           [15.688071032583272, 50.862598714241756]]],
         [[[15.680086566175193, 50.86512665424623],
           [15.68540806886074, 50.864828708007195],
           [15.684978915418357, 50.86607465233908],
           [15.681030703748435, 50.86658927180244],
           [15.680279685224265, 50.86603402424477]]],
         [[[15.677769137586326, 50.8656683698026],
           [15.677125407422752, 50.863785881175545],
           [15.677833510602683, 50.86381296788182],
           [15.678026629651756, 50.8645713892684],
           [15.678391410077781, 50.86371816434103],
           [15.678884936536521, 50.86398903108902],
           [15.678391410077781, 50.86442241461258],
           [15.679292632306785, 50.864706820360595],
           [15.679571582044334, 50.86522145492298],
           [15.680022193158836, 50.865370427025546],
           [15.680687380994529, 50.866521559039704],
           [15.680451346601219, 50.86726639402032],
           [15.678284121717185, 50.86592568248682]]],
         [[[15.686180545057029, 50.869094574882325],
           [15.685064746106834, 50.86908103306545],
           [15.684850169385642, 50.868444563234505],
           [15.685729933942527, 50.86832268504148],
           [15.685944510663719, 50.86764557816636],
           [15.686309291089744, 50.86780808471334],
           [15.687768412793845, 50.868431021228794],
           [15.687382174695701, 50.86856644110891],
           [15.686438037122459, 50.86818726445327]]],
         [[[15.678713275159568, 50.86872894444572],
           [15.678584529126853, 50.86797059069384],
           [15.678262664045066, 50.8679164220966],
           [15.677468730176658, 50.868038301351824],
           [15.677640391553611, 50.86741535958839],
           [15.678884936536521, 50.86722576696459],
           [15.678970767224998, 50.86802475922811],
           [15.67989344712612, 50.868078927699436],
           [15.67991490479824, 50.868756028280124]]]]);