var AgriculturalAreas = 
    /* color: #d63000 */
    /* shown: false */
    ee.Geometry.MultiPolygon(
        [[[[18.83824830225155, 49.911867785892234],
           [18.839879085332605, 49.9112045176381],
           [18.842883159429284, 49.913470646514085],
           [18.84176736047909, 49.913912805586385]]],
         [[[18.571778885400455, 50.378392937743804],
           [18.57044850972907, 50.37746242552596],
           [18.571564308679264, 50.3757929313842],
           [18.57263719228522, 50.375409760504574],
           [18.57366716054694, 50.37551923821455],
           [18.57443963674323, 50.37532765205629],
           [18.575040451562565, 50.3755739769748],
           [18.572336784875553, 50.37863924674617]]],
         [[[18.57340966848151, 50.37842030547389],
           [18.57594167379157, 50.37532765205629],
           [18.577014557397526, 50.375437129955756],
           [18.574310890710514, 50.37863924674617]]],
         [[[18.575212112939518, 50.37883081953042],
           [18.57817327169196, 50.375300282541964],
           [18.578988663232487, 50.37560134633124],
           [18.576070419824283, 50.37902239154101]]],
         [[[18.58284870767181, 50.38087886661729],
           [18.5836211838681, 50.379127390842925],
           [18.58516613626068, 50.379455797476965],
           [18.587440649505307, 50.37989366945213],
           [18.58984390878265, 50.37981156876469],
           [18.591045538421323, 50.38005787040071],
           [18.589758078094174, 50.38301339027559],
           [18.586668173309018, 50.38293129498808],
           [18.582333723540952, 50.38284919955849]]],
         [[[18.581221230024646, 50.38365542889617],
           [18.584225304121325, 50.383956439659585],
           [18.58662856339867, 50.38436690580355],
           [18.589933044905017, 50.384777368395],
           [18.589761383528064, 50.385762464120184],
           [18.59332335709984, 50.38570773711672],
           [18.59362376450951, 50.38625500430935],
           [18.58886016129906, 50.38633709384352],
           [18.5793758702224, 50.38365542889617]]],
         [[[18.608020557374445, 50.376034277108765],
           [18.608449710816828, 50.374008920566304],
           [18.610810054749933, 50.37351625319799],
           [18.610337985963312, 50.37630796730703]]],
         [[[18.607076419801203, 50.37819638663984],
           [18.607076419801203, 50.376444811814046],
           [18.61038090130755, 50.376362705157206],
           [18.610295070619074, 50.37819638663984]]],
         [[[19.564002790608214, 50.540671820430944],
           [19.562672414936827, 50.537030600569885],
           [19.563530721821593, 50.53693513409542],
           [19.56460360542755, 50.540467264969955],
           [19.564517774739073, 50.54076727934246]]],
         [[[19.565655031361388, 50.540153611539935],
           [19.564517774739073, 50.53694877217502],
           [19.565204420246886, 50.53693513409542],
           [19.566406049885558, 50.5400172398328]]],
         [[[18.987386210677606, 50.597567778358304],
           [18.993394358870965, 50.59691398774908],
           [18.997685893294793, 50.59811259692884],
           [18.997342570540887, 50.5990932544635],
           [18.985841258285028, 50.5990932544635]]],
         [[[19.000604136702997, 50.600891073541725],
           [18.9994883377528, 50.5990932544635],
           [19.000947459456903, 50.598167078439054],
           [19.003350718734247, 50.59882085164237],
           [19.004895671126825, 50.59996493289629],
           [19.0035223801112, 50.60268882394366],
           [19.000432475326043, 50.60225301197073]]],
         [[[19.017941935775262, 50.603179107588915],
           [19.015452845809442, 50.602361965342325],
           [19.01622532200573, 50.60105450823429],
           [19.018371089217645, 50.60149033130637],
           [19.02077434849499, 50.599202215150484],
           [19.02223347019909, 50.59974701480164]]]]),
    BareSoilAreas = 
    /* color: #98ff00 */
    /* shown: false */
    ee.Geometry.MultiPolygon(
        [[[[18.83816541332523, 49.91282106294286],
           [18.837993751948275, 49.91210253612541],
           [18.841169487421908, 49.91421663251762]]],
         [[[18.57190763143317, 50.38019917406079],
           [18.572808853662174, 50.37902239154101],
           [18.5741821446778, 50.37929606449973],
           [18.573066345727604, 50.38082860388946]]],
         [[[18.57366716054694, 50.38110226642708],
           [18.574954620874088, 50.37946026751703],
           [18.57538377431647, 50.38028127407734],
           [18.574353806054752, 50.38132119532036]]],
         [[[18.577100388086002, 50.38184114739191],
           [18.580962769067447, 50.37727084721531],
           [18.58139192250983, 50.37773610748481],
           [18.579031578576725, 50.38066440560897],
           [18.577958694970768, 50.38186851313253]]],
         [[[18.598064197511164, 50.3778679712864],
           [18.60089661023089, 50.37770376275704],
           [18.60141159436175, 50.38071416214518],
           [18.600081218690363, 50.38079626127036],
           [18.596733821839777, 50.37964686058644]]],
         [[[18.611282123536554, 50.37452895279372],
           [18.61141086956927, 50.3734615120635],
           [18.614071620912043, 50.37296883901071],
           [18.615230335206476, 50.37253090311328],
           [18.61415745160052, 50.37253090311328],
           [18.61415745160052, 50.371381302149956],
           [18.615187419862238, 50.37157290424486],
           [18.61587406537005, 50.37105283961578],
           [18.616303218812433, 50.37077911910035],
           [18.616217388123957, 50.37250353198547],
           [18.616217388123957, 50.374227882198916]]],
         [[[18.606475604981867, 50.37368047622253],
           [18.606475604981867, 50.37250353198547],
           [18.60814930340716, 50.37225719112469],
           [18.6076343192763, 50.37365310575794]]],
         [[[18.597978366822687, 50.374583692696596],
           [18.598021282166926, 50.37409103129695],
           [18.601068271607843, 50.37395418000024],
           [18.60111118695208, 50.37450158281859]]],
         [[[18.616474880189386, 50.37945529109788],
           [18.616732372254816, 50.37680060568485],
           [18.620980991334406, 50.37573321606693],
           [18.6220967902846, 50.37493950052573],
           [18.62634540936419, 50.374583692696596],
           [18.6226546897597, 50.37759429008834],
           [18.621238483399836, 50.37753955365927],
           [18.620508922547785, 50.37833322569936],
           [18.619993938416926, 50.37951002531642]]],
         [[[19.459321575878267, 50.51776860255976],
           [19.461896496532564, 50.517877751413465],
           [19.463441448925142, 50.52202522082841],
           [19.461038189647798, 50.522680051104366]]],
         [[[19.461896496532564, 50.51624049210614],
           [19.461038189647798, 50.51416654879122],
           [19.463784771679048, 50.51394823366813],
           [19.46447141718686, 50.51624049210614]]],
         [[[19.547040539501314, 50.50827168608655],
           [19.547040539501314, 50.50696161664144],
           [19.553048687694673, 50.50510562270662],
           [19.553735333202486, 50.507179964073124]]],
         [[[19.560440817036437, 50.54016724868898],
           [19.55859545723419, 50.53476662927888],
           [19.560676851429747, 50.5346575194842],
           [19.562178888478087, 50.539362650149684]]],
         [[[18.983437999007684, 50.606719893362204],
           [18.98875950169323, 50.607700371546365],
           [18.989102824447137, 50.60530361102523],
           [18.994081004378778, 50.60573939474626],
           [18.994081004378778, 50.60868082929885],
           [18.986184581038934, 50.60857189055753]]],
         [[[18.992707713363153, 50.60138137591673],
           [18.98875950169323, 50.59974701480164],
           [18.997342570540887, 50.59996493289629],
           [18.99854420017956, 50.60290672841661],
           [18.992707713363153, 50.602361965342325]]],
         [[[18.976399882552606, 50.604214134065344],
           [18.979146464583856, 50.60127242027483],
           [18.9815497238612, 50.603560435781475],
           [18.981893046615106, 50.60628411872201],
           [18.975713237044793, 50.606175174431364]]],
         [[[19.01399372410534, 50.62305852905353],
           [19.00523899388073, 50.61695943559528],
           [19.009187205550653, 50.615652384089806],
           [19.01725529026745, 50.62175164704144]]],
         [[[18.98532627415417, 50.59669605552788],
           [18.98481129002331, 50.5954974102747],
           [18.992707713363153, 50.592991053382484],
           [18.999574168441278, 50.59615122056037],
           [18.99854420017956, 50.59702295348125],
           [18.992879374740106, 50.59517050172628]]],
         [[[19.020860179183465, 50.60524913777631],
           [19.01922939610241, 50.60399623564639],
           [19.023606761214715, 50.600182849981955],
           [19.02575252842663, 50.60149033130637]]],
         [[[19.014937861678582, 50.60655647834509],
           [19.0159678299403, 50.605467030393584],
           [19.017856105086786, 50.60699225046285],
           [19.019572718856317, 50.605684922001856],
           [19.0214609940028, 50.607155663966495],
           [19.01845691990612, 50.60889870602475]]],
         [[[19.008843882796747, 50.59996493289629],
           [19.009959681746942, 50.60045524492006],
           [19.015195353744012, 50.60056420245385],
           [19.013650401351434, 50.60230748868805],
           [19.00824306797741, 50.601435853643075]]],
         [[[18.99880169224499, 50.59369938516243],
           [18.99579761814831, 50.59233719920248],
           [18.998200877425653, 50.59135640090428],
           [18.999917491195184, 50.59179231378174]]],
         [[[18.986957057235223, 50.60541255733384],
           [18.984725459334832, 50.603887286058516],
           [18.985669596908075, 50.60110898633903],
           [18.989446147201043, 50.602525394926765],
           [18.989617808577997, 50.60481334951484]]]]),
    Forests_SE = 
    /* color: #0b4a8b */
    /* shown: false */
    ee.Geometry.MultiPolygon(
        [[[[18.844943095952722, 49.91695253946389],
           [18.842883159429284, 49.91606827300841],
           [18.846402217656824, 49.91507345386267],
           [18.84803300073788, 49.91628934114254]]],
         [[[18.56817399648444, 50.375765562138305],
           [18.566843620813053, 50.3749992168421],
           [18.568603149926822, 50.37371282369348],
           [18.570105186975162, 50.37456129968618],
           [18.5707060017945, 50.37532765205629]]],
         [[[18.574096313989322, 50.37458866962685],
           [18.57843076375739, 50.37270010667691],
           [18.578774086511295, 50.37324752396479],
           [18.576070419824283, 50.37456129968618]]],
         [[[18.602421410078357, 50.3840385331726],
           [18.602035171980212, 50.38143883626218],
           [18.605768806928943, 50.381110443357834],
           [18.60636962174828, 50.38319022668578],
           [18.60405219315941, 50.383901710571976]]],
         [[[18.601005203718493, 50.385762464120184],
           [18.601734764570544, 50.384065897645335],
           [18.604180939192126, 50.384394270086844],
           [18.60430968522484, 50.38554355572741],
           [18.603236801618884, 50.38617291463308]]],
         [[[18.601840747804133, 50.380358397627354],
           [18.601797832459894, 50.376910080185155],
           [18.606475604981867, 50.376581655926316],
           [18.60638977429339, 50.38060469642391]]],
         [[[18.602269901246515, 50.375979538879626],
           [18.602055324525324, 50.37389943937103],
           [18.607205165833918, 50.374227882198916],
           [18.60669018170306, 50.376034277108765]]],
         [[[19.259283745999767, 50.1303519852707],
           [19.256365502591564, 50.12859127530646],
           [19.258253777738048, 50.11835586606379],
           [19.26048537563844, 50.11175121469244],
           [19.265291894193126, 50.11417302597684],
           [19.265291894193126, 50.125399823384676],
           [19.266321862454845, 50.1303519852707],
           [19.261858666654064, 50.13134235615841]]],
         [[[19.30511733364625, 50.13904454119655],
           [19.313013756986095, 50.1400347321776],
           [19.311983788724376, 50.14619546000274],
           [19.30717727016969, 50.145425412417424]]],
         [[[19.29413100552125, 50.141795021094445],
           [19.293787682767345, 50.13959464982738],
           [19.30391570400758, 50.13970467079446],
           [19.30443068813844, 50.14223508320272]]],
         [[[19.15336867641969, 50.12308863914262],
           [19.153883660550548, 50.11934648519338],
           [19.156973565335704, 50.119566619994075],
           [19.157145226712657, 50.12165785011586]]],
         [[[19.169676507230236, 50.131562435794464],
           [19.16830321621461, 50.13013190006776],
           [19.172938073392345, 50.12859127530646],
           [19.175684655423595, 50.12947163838593],
           [19.171908105130626, 50.13057206946149]]],
         [[[19.44105457290258, 50.46886145070364],
           [19.433673133693596, 50.46602055247844],
           [19.435904731593986, 50.464709311115335],
           [19.44483112319555, 50.4670039596407],
           [19.44826435073461, 50.4695170183634]]],
         [[[19.43933795913305, 50.46164960654032],
           [19.435389747463127, 50.459026845062496],
           [19.45032428725805, 50.45815255891685],
           [19.458220710597892, 50.46307020828239],
           [19.45101093276586, 50.46350730792597],
           [19.44603275283422, 50.46121248972718]]],
         [[[19.365008582912346, 50.479786391730734],
           [19.36191867812719, 50.47716463613796],
           [19.37341999038305, 50.47301322570778],
           [19.376681556545158, 50.47563521155252],
           [19.373248329006096, 50.478257051974225]]],
         [[[19.342864265285392, 50.47618144029931],
           [19.3267280958518, 50.4638351300075],
           [19.33616947158422, 50.46186816343191],
           [19.347842445217033, 50.469954058420235],
           [19.350589027248283, 50.474433486092146]]],
         [[[19.30973361953344, 50.47760160550206],
           [19.309390296779533, 50.46689469318817],
           [19.319346656642814, 50.46121248972718],
           [19.34046100600805, 50.476290685291275],
           [19.310076942287346, 50.479240204640995]]],
         [[[19.350245704494377, 50.469954058420235],
           [19.36088870986547, 50.470828126414915],
           [19.362262000881096, 50.472357706523944],
           [19.35367893203344, 50.47432423680819]]],
         [[[19.388526191554924, 50.47290397314167],
           [19.391787757717033, 50.47115589774703],
           [19.394706001125236, 50.47366873580252],
           [19.391444434963127, 50.47847553211188],
           [19.387667884670158, 50.47639993003072]]],
         [[[19.425332623241548, 50.51045505438922],
           [19.42601926874936, 50.505651510848246],
           [19.430139141796236, 50.506852442546965]]],
         [[[19.430654125927095, 50.50980005449973],
           [19.43425901484311, 50.50750748332752],
           [19.431855755565767, 50.51340244144329],
           [19.428937512157564, 50.5122016763369]]],
         [[[19.434945660350923, 50.51209251435822],
           [19.435632305858736, 50.50739831049514],
           [19.437348919628267, 50.51121920944222],
           [19.440438824413423, 50.514057391355855],
           [19.43528898310483, 50.514275705974164]]],
         [[[19.534509258983736, 50.50303119021647],
           [19.532105999706392, 50.5004107241886],
           [19.54463728022397, 50.49779011276209],
           [19.546182232616548, 50.5004107241886]]],
         [[[18.737167315348824, 50.58362478783891],
           [18.748840288981636, 50.584714741430346],
           [18.750556902751168, 50.58820242338994],
           [18.737167315348824, 50.58842039493494]]],
         [[[18.737853960856636, 50.59931768560762],
           [18.734420733317574, 50.5899461674951],
           [18.747123675212105, 50.59081801532937],
           [18.745407061442574, 50.60084310499615]]],
         [[[18.74025722013398, 50.60803370188408],
           [18.742660479411324, 50.60062519096771],
           [18.74746699796601, 50.60345799463432],
           [18.751930193766793, 50.608687338025135]]],
         [[[18.748153643473824, 50.59844599518703],
           [18.749870257243355, 50.591035974765205],
           [18.75845332609101, 50.5923437101895],
           [18.751930193766793, 50.59844599518703]]],
         [[[18.754333453044136, 50.57948273410619],
           [18.75570674405976, 50.57228777490932],
           [18.76497645841523, 50.574250145501644],
           [18.767379717692574, 50.5805727835668]]],
         [[[18.804115252360543, 50.573596031053775],
           [18.80445857511445, 50.56705438701011],
           [18.814071612223824, 50.56705438701011],
           [18.81166835294648, 50.57250582012309]]],
         [[[18.855270342692574, 50.57403210836155],
           [18.8566436337082, 50.57054337686717],
           [18.86488337980195, 50.57054337686717],
           [18.8676299618332, 50.56814472409462]]],
         [[[18.6259307430832, 50.60476538496721],
           [18.62112422452851, 50.597138429285025],
           [18.621467547282418, 50.592561662561764],
           [18.63314052091523, 50.596920498103046]]],
         [[[18.657516436442574, 50.58536870147562],
           [18.652709917887886, 50.57555834714894],
           [18.6588897274582, 50.57664848743551],
           [18.663009600505074, 50.58427876302118]]],
         [[[18.6753692196457, 50.58013676681004],
           [18.6698760555832, 50.573596031053775],
           [18.679145769938668, 50.56945309529096],
           [18.68360896573945, 50.57381407021227],
           [18.67811580167695, 50.57926472118655]]],
         [[[18.682235674723824, 50.581444804970424],
           [18.68910212980195, 50.571197533702176],
           [18.694938616618355, 50.5781746414509],
           [18.690132098063668, 50.581444804970424]]],
         [[[18.68910212980195, 50.57097948243307],
           [18.69356532560273, 50.56356513878413],
           [18.698715166911324, 50.56640017264837],
           [18.69459529386445, 50.56967115362467]]],
         [[[18.66232295499726, 50.561166130751374],
           [18.64515681730195, 50.55811267117381],
           [18.648246722087105, 50.55396837389738],
           [18.66163630948945, 50.557894559348455]]],
         [[[18.690132098063668, 50.53345964759719],
           [18.68978877530976, 50.5269124318324],
           [18.695968584880074, 50.52778544642907],
           [18.6973418758957, 50.53302319481226]]],
         [[[18.907635687645726, 50.569968243169626],
           [18.91149806862717, 50.56800569420879],
           [18.914158819969945, 50.57007727127051],
           [18.914845465477757, 50.57432917040654],
           [18.907979010399632, 50.573238976442894]]],
         [[[18.897421835717015, 50.56958664282959],
           [18.898451803978734, 50.56675180068552],
           [18.901627539452367, 50.56468007740851],
           [18.90428829079514, 50.57253033683681],
           [18.89879512673264, 50.57084046091209]]],
         [[[19.008843882796747, 50.5954974102747],
           [19.017169459578973, 50.59582431655271],
           [19.017083628890497, 50.5913019115108],
           [19.018886073348504, 50.589830674046915],
           [19.01922939610241, 50.5978946702574],
           [19.006183131453973, 50.59794915201987]]],
         [[[19.02051685642956, 50.59702295348125],
           [19.022061808822137, 50.59135640090428],
           [19.024035914657098, 50.592991053382484],
           [19.026782496688348, 50.596042252810086]]],
         [[[19.01699779820202, 50.60029180814639],
           [19.01476620030163, 50.5986029282503],
           [19.016139491317254, 50.59800363371926],
           [19.018628581283075, 50.59843948504407]]],
         [[[19.228533866061706, 50.81574038909094],
           [19.226130606784363, 50.81129338009502],
           [19.233512045993347, 50.81010020808314],
           [19.23591530527069, 50.81357116930415]]],
         [[[19.243414829136448, 50.79412192075148],
           [19.235518405796604, 50.786959800030296],
           [19.242728183628635, 50.78478924376507],
           [19.250023792149143, 50.79054099756041],
           [19.24959463870676, 50.7929825658572]]],
         [[[19.235175083042698, 50.80632755174945],
           [19.233029315830784, 50.80204238226444],
           [19.242299030186253, 50.80084897396278],
           [19.24513144290598, 50.80204238226444],
           [19.244959781529026, 50.80518849441427],
           [19.24384398257883, 50.80681571067751]]],
         [[[19.25773383331625, 50.673789539965156],
           [19.254643928531095, 50.671613733749865],
           [19.275414955142423, 50.66715301571769],
           [19.279363166812345, 50.67302801926166],
           [19.272840034488127, 50.67291922958121],
           [19.263913642886564, 50.67194011111145]]],
         [[[19.26597357941, 50.66813223403221],
           [19.262368690493986, 50.66660899671811],
           [19.266316902163908, 50.663779996307646],
           [19.271123420718595, 50.66704421242205],
           [19.266316902163908, 50.66889383415718]]],
         [[[19.21859503937094, 50.6552919723656],
           [19.2136168594393, 50.649197060362255],
           [19.216191780093595, 50.64832629409276],
           [19.222886573794767, 50.64930590501119],
           [19.225461494449064, 50.64985012447325],
           [19.22357321930258, 50.65376831850089]]],
         [[[19.288804542544767, 50.63591612110488],
           [19.284341346743986, 50.63896453739841],
           [19.267175209048673, 50.639400009300225]]]]),
    Water_Areas = 
    /* color: #ffc82d */
    /* shown: false */
    ee.Geometry.MultiPolygon(
        [[[[18.868889858037683, 49.940600648750085],
           [18.826832820684167, 49.9372861924961],
           [18.825631191045495, 49.92513123544808],
           [18.871636440068933, 49.925573287597686],
           [18.902020503789636, 49.93109859743286],
           [18.90442376306698, 49.93927489360934]]],
         [[[18.905282069951745, 49.93662327388431],
           [18.89841561487362, 49.92446814962274],
           [18.91764168909237, 49.92104206088701],
           [18.92536645105526, 49.93496593745289]]],
         [[[19.199158978785174, 50.37427215424646],
           [19.196584058130878, 50.36868832214482],
           [19.192635846460956, 50.36408937875204],
           [19.19452412160744, 50.36310383289743],
           [19.200875592554706, 50.364308386162705],
           [19.20997364553322, 50.36825034673768],
           [19.20928700002541, 50.373615266929846],
           [19.20448048147072, 50.378322758390446],
           [19.212891888941424, 50.39167635422976],
           [19.2060254338633, 50.39233299144538],
           [19.20448048147072, 50.3833581623442],
           [19.20327885183205, 50.38084052718817],
           [19.20104725393166, 50.380074263875414],
           [19.196584058130878, 50.38160677812202]]],
         [[[19.194180798853534, 50.354999679937876],
           [19.19400913747658, 50.34985172917877],
           [19.196069074000018, 50.34612733175053],
           [19.201905560816424, 50.34437457306218],
           [19.203965497339862, 50.34634642203818],
           [19.203450513209003, 50.34897542665138],
           [19.206197095240253, 50.351604285718544],
           [19.20997364553322, 50.35127568629459],
           [19.21272022756447, 50.35335677757232],
           [19.209630322779315, 50.35872338148992],
           [19.200875592554706, 50.36025658546749],
           [19.193837476099628, 50.3577377242104]]],
         [[[19.229371381128924, 50.36146121099411],
           [19.232117963160174, 50.35981853224152],
           [19.238812756861346, 50.35248053973113],
           [19.24396259816994, 50.355109204740856],
           [19.24499256643166, 50.35642348266798],
           [19.2389844182383, 50.35784724269658],
           [19.235551190699237, 50.35970901830337],
           [19.233147931421893, 50.36168023053248]]],
         [[[18.539921505903894, 50.37658221022234],
           [18.540608151411707, 50.37067018481717],
           [18.562580807661707, 50.36431941100311],
           [18.585583432173426, 50.35906295542983],
           [18.59794305131405, 50.35709163450656],
           [18.598629696821863, 50.36103419448887],
           [18.587643368696863, 50.363443375500125],
           [18.569447262739832, 50.367823391314495],
           [18.563610775923426, 50.37307887669044],
           [18.554684384321863, 50.375925354891045]]],
         [[[18.5622374849078, 50.38818515478574],
           [18.55502770707577, 50.38468267817883],
           [18.556400998091394, 50.38293134286798],
           [18.560177548384363, 50.382712421406836],
           [18.561894162153894, 50.38555832158226],
           [18.564640744185144, 50.3866528531005]]],
         [[[18.459583981489832, 50.389060733518264],
           [18.46610711381405, 50.38927962567523],
           [18.479153378462488, 50.38949851682174],
           [18.49185632035702, 50.38599613722103],
           [18.487393124556238, 50.39343838467044],
           [18.472286923384363, 50.39343838467044],
           [18.465763791060144, 50.3914684916694],
           [18.454777462935144, 50.39321951171212]]],
         [[[18.56272264572496, 50.37872272136393],
           [18.56251879783983, 50.378599567239334],
           [18.564589463199326, 50.37793589784155],
           [18.566027127231308, 50.377409060883934],
           [18.566692315067, 50.377114850686155],
           [18.566863976443955, 50.377217482357715]]],
         [[[18.559441260910212, 50.37916744192956],
           [18.56220930061358, 50.3787021956987],
           [18.562295131302058, 50.37880482393602],
           [18.55924814186114, 50.379270069160285]]],
         [[[19.235079491849376, 50.144435333019054],
           [19.22426482510133, 50.13024194279574],
           [19.223063195462657, 50.11604434171393],
           [19.234392846341564, 50.11494357660822],
           [19.242632592435314, 50.131012234806526],
           [19.250357354398204, 50.13915456342875],
           [19.247782433743907, 50.14190503700105],
           [19.241774285550548, 50.1400347321776],
           [19.239886010404064, 50.14751551273381]]],
         [[[19.208815301175548, 50.12242828029055],
           [19.204180443997814, 50.12044714907458],
           [19.205382073636486, 50.11846593586821],
           [19.208128655667736, 50.1205572140709],
           [19.210360253568126, 50.12220815864876]]],
         [[[19.217393409732267, 50.66247424632184],
           [19.22305823517172, 50.65844795529321],
           [19.23026801300375, 50.6520269392795],
           [19.23679114532797, 50.64451650190339],
           [19.239709388736173, 50.64658471313678],
           [19.236962806704923, 50.65159158438757],
           [19.214475166324064, 50.66671780102229]]],
         [[[19.211041938785, 50.66758822637884],
           [19.205892097476408, 50.66519451781886],
           [19.2136168594393, 50.66247424632184],
           [19.217736732486173, 50.658774424182276],
           [19.223401557925627, 50.655944951749454],
           [19.22683478546469, 50.65376831850089],
           [19.23129798126547, 50.64887052490248],
           [19.237992774966642, 50.65376831850089],
           [19.22357321930258, 50.65888324664099],
           [19.218423377993986, 50.665847359528854],
           [19.214646827701017, 50.6680234330058]]],
         [[[19.266145240786955, 50.63667824371431],
           [19.27301169586508, 50.63395632050844],
           [19.28897620392172, 50.63177866845533],
           [19.28949118805258, 50.63537174024667],
           [19.266831886294767, 50.639073405752164]]]]),
    LowDensityHousingAreas = 
    /* color: #00ffff */
    /* shown: false */
    ee.Geometry.MultiPolygon(
        [[[[18.842285286372103, 49.914714053494116],
           [18.841813217585482, 49.91447916089462],
           [18.842070709650912, 49.91431335366488],
           [18.842521320765414, 49.91457588151531]]],
         [[[18.587077869386164, 50.3778679712864],
           [18.585060848206965, 50.37723850217029],
           [18.583515895814386, 50.377101659952814],
           [18.57965351483294, 50.375651108178474],
           [18.579310192079035, 50.375240566604575],
           [18.580297244996515, 50.37526793615335],
           [18.584116710633722, 50.37647218066806],
           [18.58639122387835, 50.37723850217029],
           [18.588837398499933, 50.377101659952814],
           [18.588365329713312, 50.37811428301463]]],
         [[[18.589266551942316, 50.37827849012292],
           [18.589824451417414, 50.37712902842789],
           [18.590511096925226, 50.37723850217029],
           [18.59042526623675, 50.37811428301463]]],
         [[[18.592356456727472, 50.37912688446035],
           [18.593000186891047, 50.37767639461355],
           [18.593558086366144, 50.37778586709278]]],
         [[[18.607290996522394, 50.38254767542152],
           [18.607333911866633, 50.381589878820684],
           [18.610209239930597, 50.38180880546326],
           [18.610252155274836, 50.38268450192842]]],
         [[[19.559174814381407, 50.540467264969955],
           [19.55808047310333, 50.53709879079053],
           [19.558788576283263, 50.537030600569885],
           [19.559968748249815, 50.540589998353006]]],
         [[[19.558166303791808, 50.5403718054512],
           [19.556707182087706, 50.53622594852173],
           [19.55739382759552, 50.53614411873095],
           [19.55885294929962, 50.5403718054512]]],
         [[[18.954957180283465, 50.61095827103881],
           [18.95487134959499, 50.61030466644762],
           [18.958733730576434, 50.609542116281034],
           [18.962166958115496, 50.61005956238482],
           [18.964226894638934, 50.6112850699292],
           [18.96156614329616, 50.610359133843694],
           [18.959506206772723, 50.60997786074679],
           [18.956630878708758, 50.61044083481959],
           [18.95581548716823, 50.6110127376782]]],
         [[[18.965728931687273, 50.611938660899604],
           [18.96555727031032, 50.61098550436639],
           [18.96534269358913, 50.609542116281034],
           [18.965686016343035, 50.60902466448608],
           [18.96585767771999, 50.61019573146624],
           [18.96607225444118, 50.61093103769548],
           [18.966630153916277, 50.61166633243214],
           [18.965943508408465, 50.61172079825173],
           [18.966630153916277, 50.61226545297966]]],
         [[[18.975985698960223, 50.61673138389318],
           [18.976114444992938, 50.61498863203157],
           [18.978946857712664, 50.61512478684599],
           [18.977358989975848, 50.61651354344166]]],
         [[[18.966458492539324, 50.615478787519066],
           [18.96585767771999, 50.61526094126632],
           [18.966715984604754, 50.614552933977],
           [18.967703037522234, 50.615152017761595]]],
         [[[18.96482770945827, 50.61575109391623],
           [18.96435564067165, 50.614035537295514],
           [18.965128116867938, 50.6141444633856],
           [18.9650852015237, 50.61539709529252],
           [18.965128116867938, 50.61618678087273]]],
         [[[18.948519878647723, 50.612592242789574],
           [18.948133640549578, 50.61144846852312],
           [18.949635677597918, 50.611312303067585],
           [18.95010774638454, 50.612592242789574]]],
         [[[18.942769222519793, 50.6112850699292],
           [18.942769222519793, 50.61087657096148],
           [18.943498783371844, 50.61030466644762],
           [18.94405668284694, 50.61095827103881]]],
         [[[18.961995296738543, 50.61068593689601],
           [18.962681942246356, 50.61076763730439],
           [18.95907705333034, 50.612728404540356]]],
         [[[18.960707836411395, 50.6134364392914],
           [18.96027868296901, 50.61221098779064],
           [18.960922413132586, 50.61297349469862]]],
         [[[18.966458492539324, 50.61411723188673],
           [18.966201000473895, 50.6135725985987],
           [18.967188053391375, 50.61264670753717],
           [18.96757429148952, 50.61340920738265]]],
         [[[18.96783178355495, 50.613463671184405],
           [18.968175106308856, 50.61248331310516],
           [18.96903341319362, 50.61379045267062]]],
         [[[19.244959781529026, 50.796834558714245],
           [19.287188480259495, 50.796183539961994],
           [19.287360141636448, 50.79770256961049],
           [19.244702289463596, 50.79770256961049]]],
         [[[19.27524329376547, 50.62551735686298],
           [19.272325050357267, 50.62470060257081],
           [19.27421332550375, 50.62148789804227],
           [19.28125144195883, 50.61691349932812],
           [19.28296805572836, 50.617458093934275],
           [19.27970648956625, 50.622468068453514],
           [19.27901984405844, 50.62410164040661],
           [19.282624732974455, 50.62497285557785],
           [19.2795348281893, 50.62557180664472]]],
         [[[19.217304872246924, 50.62168152294992],
           [19.21764819500083, 50.620646880723136],
           [19.2338701951229, 50.620265691006864],
           [19.235758470269385, 50.62102806734972],
           [19.23138110515708, 50.62102806734972],
           [19.221081422539893, 50.62146370542539]]],
         [[[19.23753333327479, 50.618948231537225],
           [19.236589195701548, 50.605604271133515],
           [19.237962486717173, 50.60554979823266],
           [19.238477470848032, 50.61905714625098]]],
         [[[19.2587335133285, 50.616170821115915],
           [19.257875206443735, 50.60587663469179],
           [19.25899100539393, 50.60593110721423],
           [19.25976348159022, 50.61611636044857]]]]),
    HighDensityHousingAreas = 
    /* color: #bf04c2 */
    /* shown: false */
    ee.Geometry.MultiPolygon(
        [[[[18.595335042621322, 49.94975050618777],
           [18.592803037311263, 49.94941913377198],
           [18.593704259540267, 49.94861830768786],
           [18.596965825702377, 49.950137104457966],
           [18.595034635211654, 49.94986096315306]]],
         [[[18.59984115376634, 49.950634154816946],
           [18.597309148456283, 49.95008187632364],
           [18.597781217242904, 49.949308675793375],
           [18.601214444781967, 49.95030278848095]]],
         [[[18.583962476398177, 49.94743085139854],
           [18.585249936725326, 49.946077667846396],
           [18.585764920856185, 49.94698899972472],
           [18.584520375873275, 49.94798316029096]]],
         [[[19.26147205861916, 50.35226147774406],
           [19.263017011011737, 50.350399410046165],
           [19.264390302027362, 50.34875634849271],
           [19.26868183645119, 50.34985172917877],
           [19.267136884058612, 50.35357583450583]]],
         [[[19.26147205861916, 50.359928045927],
           [19.260098767603534, 50.35719012798945],
           [19.26490528615822, 50.356861567224854],
           [19.26696522268166, 50.36036609814235],
           [19.26215870412697, 50.361132679791524]]],
         [[[19.269025159205096, 50.35948998966904],
           [19.2719434026133, 50.35948998966904],
           [19.272801709498065, 50.35642348266798],
           [19.27468998464455, 50.35729964773898],
           [19.277093243921893, 50.35806627891095],
           [19.275548291529315, 50.362008757945084],
           [19.26868183645119, 50.36091365772651]]],
         [[[19.267308545435565, 50.353904418011055],
           [19.268510175074237, 50.35061848062438],
           [19.271085095728534, 50.351385219688595],
           [19.270226788843768, 50.35489015488222]]],
         [[[19.11538822683205, 50.3641988825837],
           [19.11487324270119, 50.360037559359846],
           [19.118306470240253, 50.35883289770208],
           [19.121568036402362, 50.35981853224152],
           [19.121911359156268, 50.36288481992824]]],
         [[[19.128777814234393, 50.36343235045624],
           [19.125001263941424, 50.35948998966904],
           [19.130494428003924, 50.36299432653916]]],
         [[[19.150235486353534, 50.34897542665138],
           [19.140794110621112, 50.350728015534436],
           [19.139420819605487, 50.347660942538205],
           [19.1456006291758, 50.34678459958118],
           [19.149033856714862, 50.34820864867402]]],
         [[[19.149720502222674, 50.347989566977745],
           [19.149033856714862, 50.34547005482312],
           [19.15384037526955, 50.34448412237538],
           [19.15504200490822, 50.34689414333521]]],
         [[[19.128434491480487, 50.34645596680295],
           [19.128262830103534, 50.341416646087595],
           [19.13135273488869, 50.342950408995506],
           [19.130666089380878, 50.34612733175053],
           [19.128434491480487, 50.34722277308118]]],
         [[[19.25220234426369, 50.33988283365113],
           [19.248082471216815, 50.338568097855955],
           [19.24722416433205, 50.33703419343655],
           [19.25271732839455, 50.33473324393861],
           [19.25323231252541, 50.33703419343655]]],
         [[[19.253575635279315, 50.33473324393861],
           [19.25769550832619, 50.33298006475783],
           [19.259755444849628, 50.33254175985422],
           [19.25769550832619, 50.339663713545605],
           [19.25323231252541, 50.339663713545605]]],
         [[[19.26971180471291, 50.33648635842622],
           [19.271771741236346, 50.32958309599459],
           [19.273488355005878, 50.32969267942284],
           [19.27142841848244, 50.33593851709826],
           [19.27417500051369, 50.33604808586927],
           [19.27468998464455, 50.33714375968053]]],
         [[[19.3268750432383, 50.34338861787219],
           [19.329793286646503, 50.335719378798146],
           [19.346272778834003, 50.33802028053483],
           [19.343011212671893, 50.345908240452154]]],
         [[[19.17752964528908, 50.32859683376818],
           [19.18250782522072, 50.32640506664329],
           [19.185426068628924, 50.32717219663577],
           [19.176499677027362, 50.330240592773286]]],
         [[[19.17529804738869, 50.32772013904878],
           [19.17529804738869, 50.32574751679362],
           [19.18027622732033, 50.32596670108774],
           [19.180104565943378, 50.327610551071594]]],
         [[[19.337689709986346, 50.328925590118104],
           [19.337003064478534, 50.32717219663577],
           [19.342152905787128, 50.32629547563348],
           [19.346444440210956, 50.32651465740039],
           [19.346444440210956, 50.32881600492085]]],
         [[[19.333398175562518, 50.33232260588615],
           [19.33408482107033, 50.33067891890477],
           [19.342152905787128, 50.33155555903749],
           [19.341466260279315, 50.33298006475783]]],
         [[[19.456847419582267, 50.48983510771371],
           [19.4585640333518, 50.48393720735164],
           [19.463198890529533, 50.48568481013028],
           [19.46028064712133, 50.49223774496257],
           [19.454615821681877, 50.490162747260506]]],
         [[[19.439166297756096, 50.49005353433069],
           [19.441741218410392, 50.48874295948203],
           [19.437106361232658, 50.48481101681951],
           [19.443629493556877, 50.483063381726545],
           [19.44929431899633, 50.49114565226883],
           [19.439166297756096, 50.49136407282713]]],
         [[[19.414275398097892, 50.483063381726545],
           [19.421141853176017, 50.483172610813305],
           [19.42079853042211, 50.485138691204455],
           [19.41358875259008, 50.48623092274475]]],
         [[[18.87132930642014, 50.56402583008148],
           [18.87055683022385, 50.562390172023676],
           [18.868668555077367, 50.562335649110665],
           [18.870985983666234, 50.55988205273698],
           [18.873904227074437, 50.558846051470255],
           [18.87707996254807, 50.55933679175108],
           [18.877165793236546, 50.5606454075196],
           [18.876479147728734, 50.56189946353576],
           [18.87304592018967, 50.56282635305682]]],
         [[[18.872273443993382, 50.5658795072497],
           [18.87132930642014, 50.5639167879772],
           [18.874419211205296, 50.56249921766044],
           [18.875449179467015, 50.56304444205946],
           [18.873646735009007, 50.56429843423831]]],
         [[[18.877938269432835, 50.5658795072497],
           [18.879397391136937, 50.56435295488045],
           [18.88154315834885, 50.56538883509572],
           [18.880255698021703, 50.5668063184891],
           [18.876135824974828, 50.56822375924141]]],
         [[[18.89081287270432, 50.5616268455013],
           [18.89201450234299, 50.559173212225204],
           [18.895190237816625, 50.55791908366538],
           [18.89630603676682, 50.560372782230864]]],
         [[[18.890212057884984, 50.564407475459475],
           [18.89158534890061, 50.56146327392369],
           [18.89553356057053, 50.560754457193525],
           [18.896735190209203, 50.562335649110665],
           [18.892357825096898, 50.56364418161262]]],
         [[[19.104493183061564, 50.81368504146045],
           [19.105694812700236, 50.80207803248178],
           [19.11530784980961, 50.80099311793118],
           [19.1201143683643, 50.80240350193494],
           [19.11856941597172, 50.814552739349686]]],
         [[[19.10535148994633, 50.82409635223343],
           [19.105008167192423, 50.81780646286638],
           [19.108784717485392, 50.81411889242008],
           [19.10929970161625, 50.820192382709216]]],
         [[[19.11805443184086, 50.82214440827282],
           [19.11479286567875, 50.814552739349686],
           [19.122174304887736, 50.814444277995094],
           [19.122517627641642, 50.82062617321996]]],
         [[[19.124749225542033, 50.81899943802574],
           [19.11908440010258, 50.80468172462944],
           [19.12457756416508, 50.80381384336815],
           [19.13058571235844, 50.81422735453029],
           [19.1311006964893, 50.82051772597008]]],
         [[[19.110158008501017, 50.82897585512916],
           [19.112732929155314, 50.82301194899637],
           [19.113762897417033, 50.814552739349686],
           [19.11736778633305, 50.82062617321996],
           [19.117024463579142, 50.824746982086495],
           [19.11753944771, 50.83493899941919],
           [19.108956378862345, 50.8323369937783]]],
         [[[19.12457756416508, 50.82908428273425],
           [19.127667468950236, 50.824746982086495],
           [19.136250537797892, 50.82875899916341],
           [19.13504890815922, 50.83125278194813],
           [19.124405902788126, 50.83038539435121]]],
         [[[19.119427722856486, 50.82691568278088],
           [19.11908440010258, 50.822035964549],
           [19.125950855180704, 50.823662593960925],
           [19.1230326117725, 50.82908428273425]]],
         [[[19.06243614570805, 50.82648195070133],
           [19.06466774360844, 50.82116840569146],
           [19.078572315141642, 50.82301194899637],
           [19.075310748979533, 50.82604821459212]]],
         [[[19.09539513008305, 50.79632769832162],
           [19.094708484575236, 50.7905766565522],
           [19.11084465400883, 50.788623311580714],
           [19.11582283394047, 50.79307247856977],
           [19.101231616899454, 50.79545966188923]]]]);